0,5000,1,Gesture:Tele0000
5100,10100,1,Gesture:Tele0001
10200,15200,1,Gesture:Tele0002
15300,20300,1,Gesture:Tele0010
20400,25400,1,Gesture:Tele0011
25500,30500,1,Gesture:Tele0012
30600,35600,1,Gesture:Tele0020
35700,40700,1,Gesture:Tele0021
40800,45800,1,Gesture:Tele0022
45900,50900,1,Gesture:Tele0100
51000,56000,1,Gesture:Tele0101
56100,61100,1,Gesture:Tele0102
61200,66200,1,Gesture:Tele0110
66300,71300,1,Gesture:Tele0111
71400,76400,1,Gesture:Tele0112
76500,81500,1,Gesture:Tele0120
81600,86600,1,Gesture:Tele0121
86700,91700,1,Gesture:Tele0122
91800,96800,1,Gesture:Tele0200
96900,101900,1,Gesture:Tele0201
102000,107000,1,Gesture:Tele0202
107100,112100,1,Gesture:Tele0210
112200,117200,1,Gesture:Tele0211
117300,122300,1,Gesture:Tele0212
122400,127400,1,Gesture:Tele0220
127500,132500,1,Gesture:Tele0221
132600,137600,1,Gesture:Tele0222
137700,142700,1,Gesture:Tele0300
142800,147800,1,Gesture:Tele0301
147900,152900,1,Gesture:Tele0302
153000,158000,1,Gesture:Tele0310
158100,163100,1,Gesture:Tele0311
163200,168200,1,Gesture:Tele0312
168300,173300,1,Gesture:Tele0320
173400,178400,1,Gesture:Tele0321
178500,183500,1,Gesture:Tele0322
183600,188600,1,Gesture:Tele0400
188700,193700,1,Gesture:Tele0401
193800,198800,1,Gesture:Tele0402
198900,203900,1,Gesture:Tele0410
204000,209000,1,Gesture:Tele0411
209100,214100,1,Gesture:Tele0412
214200,219200,1,Gesture:Tele0420
219300,224300,1,Gesture:Tele0421
224400,229400,1,Gesture:Tele0422
229500,234500,1,Gesture:Tele1000
234600,239600,1,Gesture:Tele1001
239700,244700,1,Gesture:Tele1002
244800,249800,1,Gesture:Tele1010
249900,254900,1,Gesture:Tele1011
255000,260000,1,Gesture:Tele1012
260100,265100,1,Gesture:Tele1020
265200,270200,1,Gesture:Tele1021
270300,275300,1,Gesture:Tele1022
275400,280400,1,Gesture:Tele1100
280500,285500,1,Gesture:Tele1101
285600,290600,1,Gesture:Tele1102
290700,295700,1,Gesture:Tele1110
295800,300800,1,Gesture:Tele1111
300900,305900,1,Gesture:Tele1112
306000,311000,1,Gesture:Tele1120
311100,316100,1,Gesture:Tele1121
316200,321200,1,Gesture:Tele1122
321300,326300,1,Gesture:Tele1200
326400,331400,1,Gesture:Tele1201
331500,336500,1,Gesture:Tele1202
336600,341600,1,Gesture:Tele1210
341700,346700,1,Gesture:Tele1211
346800,351800,1,Gesture:Tele1212
351900,356900,1,Gesture:Tele1220
357000,362000,1,Gesture:Tele1221
362100,367100,1,Gesture:Tele1222
367200,372200,1,Gesture:Tele1300
372300,377300,1,Gesture:Tele1301
377400,382400,1,Gesture:Tele1302
382500,387500,1,Gesture:Tele1310
387600,392600,1,Gesture:Tele1311
392700,397700,1,Gesture:Tele1312
397800,402800,1,Gesture:Tele1320
402900,407900,1,Gesture:Tele1321
408000,413000,1,Gesture:Tele1322
413100,418100,1,Gesture:Tele1400
418200,423200,1,Gesture:Tele1401
423300,428300,1,Gesture:Tele1402
428400,433400,1,Gesture:Tele1410
433500,438500,1,Gesture:Tele1411
438600,443600,1,Gesture:Tele1412
443700,448700,1,Gesture:Tele1420
448800,453800,1,Gesture:Tele1421
453900,458900,1,Gesture:Tele1422
459000,464000,1,Gesture:Tele2000
464100,469100,1,Gesture:Tele2001
469200,474200,1,Gesture:Tele2002
474300,479300,1,Gesture:Tele2010
479400,484400,1,Gesture:Tele2011
484500,489500,1,Gesture:Tele2012
489600,494600,1,Gesture:Tele2020
494700,499700,1,Gesture:Tele2021
499800,504800,1,Gesture:Tele2022
504900,509900,1,Gesture:Tele2100
510000,515000,1,Gesture:Tele2101
515100,520100,1,Gesture:Tele2102
520200,525200,1,Gesture:Tele2110
525300,530300,1,Gesture:Tele2111
530400,535400,1,Gesture:Tele2112
535500,540500,1,Gesture:Tele2120
540600,545600,1,Gesture:Tele2121
545700,550700,1,Gesture:Tele2122
550800,555800,1,Gesture:Tele2200
555900,560900,1,Gesture:Tele2201
561000,566000,1,Gesture:Tele2202
566100,571100,1,Gesture:Tele2210
571200,576200,1,Gesture:Tele2211
576300,581300,1,Gesture:Tele2212
581400,586400,1,Gesture:Tele2220
586500,591500,1,Gesture:Tele2221
591600,596600,1,Gesture:Tele2222
596700,601700,1,Gesture:Tele2300
601800,606800,1,Gesture:Tele2301
606900,611900,1,Gesture:Tele2302
612000,617000,1,Gesture:Tele2310
617100,622100,1,Gesture:Tele2311
622200,627200,1,Gesture:Tele2312
627300,632300,1,Gesture:Tele2320
632400,637400,1,Gesture:Tele2321
637500,642500,1,Gesture:Tele2322
642600,647600,1,Gesture:Tele2400
647700,652700,1,Gesture:Tele2401
652800,657800,1,Gesture:Tele2402
657900,662900,1,Gesture:Tele2410
663000,668000,1,Gesture:Tele2411
668100,673100,1,Gesture:Tele2412
673200,678200,1,Gesture:Tele2420
678300,683300,1,Gesture:Tele2421
683400,688400,1,Gesture:Tele2422
688500,693500,1,Gesture:Tele3000
693600,698600,1,Gesture:Tele3001
698700,703700,1,Gesture:Tele3002
703800,708800,1,Gesture:Tele3010
708900,713900,1,Gesture:Tele3011
714000,719000,1,Gesture:Tele3012
719100,724100,1,Gesture:Tele3020
724200,729200,1,Gesture:Tele3021
729300,734300,1,Gesture:Tele3022
734400,739400,1,Gesture:Tele3100
739500,744500,1,Gesture:Tele3101
744600,749600,1,Gesture:Tele3102
749700,754700,1,Gesture:Tele3110
754800,759800,1,Gesture:Tele3111
759900,764900,1,Gesture:Tele3112
765000,770000,1,Gesture:Tele3120
770100,775100,1,Gesture:Tele3121
775200,780200,1,Gesture:Tele3122
780300,785300,1,Gesture:Tele3200
785400,790400,1,Gesture:Tele3201
790500,795500,1,Gesture:Tele3202
795600,800600,1,Gesture:Tele3210
800700,805700,1,Gesture:Tele3211
805800,810800,1,Gesture:Tele3212
810900,815900,1,Gesture:Tele3220
816000,821000,1,Gesture:Tele3221
821100,826100,1,Gesture:Tele3222
826200,831200,1,Gesture:Tele3300
831300,836300,1,Gesture:Tele3301
836400,841400,1,Gesture:Tele3302
841500,846500,1,Gesture:Tele3310
846600,851600,1,Gesture:Tele3311
851700,856700,1,Gesture:Tele3312
856800,861800,1,Gesture:Tele3320
861900,866900,1,Gesture:Tele3321
867000,872000,1,Gesture:Tele3322
872100,877100,1,Gesture:Tele3400
877200,882200,1,Gesture:Tele3401
882300,887300,1,Gesture:Tele3402
887400,892400,1,Gesture:Tele3410
892500,897500,1,Gesture:Tele3411
897600,902600,1,Gesture:Tele3412
902700,907700,1,Gesture:Tele3420
907800,912800,1,Gesture:Tele3421
912900,917900,1,Gesture:Tele3422
