0	0	0	0	-45	0	0	0	-45	0
1	0	0	0	-45	0	0	0	-45	0
2	0	0	0	-45	0	0	0	-45	0
3	0	0	0	-45	0	0	0	-45	0
4	0	0	0	-45	0	0	0	-45	0
5	0	0	0	-45	0	0	0	-45	0
6	0	0	0	-45	45	0	0	-45	45
7	0	0	0	-45	45	0	0	-45	45
8	0	0	0	-45	45	0	0	-45	45
9	0	0	0	-45	45	0	0	-45	45
10	0	0	0	-45	45	0	0	-45	45
11	0	0	0	-45	45	0	0	-45	45
12	0	0	0	-45	90	0	0	-45	90
13	0	0	0	-45	90	0	0	-45	90
14	0	0	0	-45	90	0	0	-45	90
15	0	0	0	-45	90	0	0	-45	90
16	0	0	0	-45	90	0	0	-45	90
17	0	0	0	-45	90	0	0	-45	90
18	0	0	0	0	0	0	0	0	0
19	0	0	0	0	0	0	0	0	0
20	0	0	0	0	0	0	0	0	0
21	0	0	0	0	0	0	0	0	0
22	0	0	0	0	0	0	0	0	0
23	0	0	0	0	0	0	0	0	0
24	0	0	0	0	45	0	0	0	45
25	0	0	0	0	45	0	0	0	45
26	0	0	0	0	45	0	0	0	45
27	0	0	0	0	45	0	0	0	45
28	0	0	0	0	45	0	0	0	45
29	0	0	0	0	45	0	0	0	45
30	0	0	0	0	90	0	0	0	90
31	0	0	0	0	90	0	0	0	90
32	0	0	0	0	90	0	0	0	90
33	0	0	0	0	90	0	0	0	90
34	0	0	0	0	90	0	0	0	90
35	0	0	0	0	90	0	0	0	90
36	0	0	0	45	0	0	0	45	0
37	0	0	0	45	0	0	0	45	0
38	0	0	0	45	0	0	0	45	0
39	0	0	0	45	0	0	0	45	0
40	0	0	0	45	0	0	0	45	0
41	0	0	0	45	0	0	0	45	0
42	0	0	0	45	45	0	0	45	45
43	0	0	0	45	45	0	0	45	45
44	0	0	0	45	45	0	0	45	45
45	0	0	0	45	45	0	0	45	45
46	0	0	0	45	45	0	0	45	45
47	0	0	0	45	45	0	0	45	45
48	0	0	0	45	90	0	0	45	90
49	0	0	0	45	90	0	0	45	90
50	0	0	0	45	90	0	0	45	90
51	0	0	0	45	90	0	0	45	90
52	0	0	0	45	90	0	0	45	90
53	0	0	0	45	90	0	0	45	90
54	0	0	40	-45	0	0	40	-45	0
55	0	0	40	-45	0	0	40	-45	0
56	0	0	40	-45	0	0	40	-45	0
57	0	0	40	-45	0	0	40	-45	0
58	0	0	40	-45	0	0	40	-45	0
59	0	0	40	-45	0	0	40	-45	0
60	0	0	40	-45	45	0	40	-45	45
61	0	0	40	-45	45	0	40	-45	45
62	0	0	40	-45	45	0	40	-45	45
63	0	0	40	-45	45	0	40	-45	45
64	0	0	40	-45	45	0	40	-45	45
65	0	0	40	-45	45	0	40	-45	45
66	0	0	40	-45	90	0	40	-45	90
67	0	0	40	-45	90	0	40	-45	90
68	0	0	40	-45	90	0	40	-45	90
69	0	0	40	-45	90	0	40	-45	90
70	0	0	40	-45	90	0	40	-45	90
71	0	0	40	-45	90	0	40	-45	90
72	0	0	40	0	0	0	40	0	0
73	0	0	40	0	0	0	40	0	0
74	0	0	40	0	0	0	40	0	0
75	0	0	40	0	0	0	40	0	0
76	0	0	40	0	0	0	40	0	0
77	0	0	40	0	0	0	40	0	0
78	0	0	40	0	45	0	40	0	45
79	0	0	40	0	45	0	40	0	45
80	0	0	40	0	45	0	40	0	45
81	0	0	40	0	45	0	40	0	45
82	0	0	40	0	45	0	40	0	45
83	0	0	40	0	45	0	40	0	45
84	0	0	40	0	90	0	40	0	90
85	0	0	40	0	90	0	40	0	90
86	0	0	40	0	90	0	40	0	90
87	0	0	40	0	90	0	40	0	90
88	0	0	40	0	90	0	40	0	90
89	0	0	40	0	90	0	40	0	90
90	0	0	40	45	0	0	40	45	0
91	0	0	40	45	0	0	40	45	0
92	0	0	40	45	0	0	40	45	0
93	0	0	40	45	0	0	40	45	0
94	0	0	40	45	0	0	40	45	0
95	0	0	40	45	0	0	40	45	0
96	0	0	40	45	45	0	40	45	45
97	0	0	40	45	45	0	40	45	45
98	0	0	40	45	45	0	40	45	45
99	0	0	40	45	45	0	40	45	45
100	0	0	40	45	45	0	40	45	45
101	0	0	40	45	45	0	40	45	45
102	0	0	40	45	90	0	40	45	90
103	0	0	40	45	90	0	40	45	90
104	0	0	40	45	90	0	40	45	90
105	0	0	40	45	90	0	40	45	90
106	0	0	40	45	90	0	40	45	90
107	0	0	40	45	90	0	40	45	90
108	0	0	80	-45	0	0	80	-45	0
109	0	0	80	-45	0	0	80	-45	0
110	0	0	80	-45	0	0	80	-45	0
111	0	0	80	-45	0	0	80	-45	0
112	0	0	80	-45	0	0	80	-45	0
113	0	0	80	-45	0	0	80	-45	0
114	0	0	80	-45	45	0	80	-45	45
115	0	0	80	-45	45	0	80	-45	45
116	0	0	80	-45	45	0	80	-45	45
117	0	0	80	-45	45	0	80	-45	45
118	0	0	80	-45	45	0	80	-45	45
119	0	0	80	-45	45	0	80	-45	45
120	0	0	80	-45	90	0	80	-45	90
121	0	0	80	-45	90	0	80	-45	90
122	0	0	80	-45	90	0	80	-45	90
123	0	0	80	-45	90	0	80	-45	90
124	0	0	80	-45	90	0	80	-45	90
125	0	0	80	-45	90	0	80	-45	90
126	0	0	80	0	0	0	80	0	0
127	0	0	80	0	0	0	80	0	0
128	0	0	80	0	0	0	80	0	0
129	0	0	80	0	0	0	80	0	0
130	0	0	80	0	0	0	80	0	0
131	0	0	80	0	0	0	80	0	0
132	0	0	80	0	45	0	80	0	45
133	0	0	80	0	45	0	80	0	45
134	0	0	80	0	45	0	80	0	45
135	0	0	80	0	45	0	80	0	45
136	0	0	80	0	45	0	80	0	45
137	0	0	80	0	45	0	80	0	45
138	0	0	80	0	90	0	80	0	90
139	0	0	80	0	90	0	80	0	90
140	0	0	80	0	90	0	80	0	90
141	0	0	80	0	90	0	80	0	90
142	0	0	80	0	90	0	80	0	90
143	0	0	80	0	90	0	80	0	90
144	0	0	80	45	0	0	80	45	0
145	0	0	80	45	0	0	80	45	0
146	0	0	80	45	0	0	80	45	0
147	0	0	80	45	0	0	80	45	0
148	0	0	80	45	0	0	80	45	0
149	0	0	80	45	0	0	80	45	0
150	0	0	80	45	45	0	80	45	45
151	0	0	80	45	45	0	80	45	45
152	0	0	80	45	45	0	80	45	45
153	0	0	80	45	45	0	80	45	45
154	0	0	80	45	45	0	80	45	45
155	0	0	80	45	45	0	80	45	45
156	0	0	80	45	90	0	80	45	90
157	0	0	80	45	90	0	80	45	90
158	0	0	80	45	90	0	80	45	90
159	0	0	80	45	90	0	80	45	90
160	0	0	80	45	90	0	80	45	90
161	0	0	80	45	90	0	80	45	90
162	0	0	120	-45	0	0	120	-45	0
163	0	0	120	-45	0	0	120	-45	0
164	0	0	120	-45	0	0	120	-45	0
165	0	0	120	-45	0	0	120	-45	0
166	0	0	120	-45	0	0	120	-45	0
167	0	0	120	-45	0	0	120	-45	0
168	0	0	120	-45	45	0	120	-45	45
169	0	0	120	-45	45	0	120	-45	45
170	0	0	120	-45	45	0	120	-45	45
171	0	0	120	-45	45	0	120	-45	45
172	0	0	120	-45	45	0	120	-45	45
173	0	0	120	-45	45	0	120	-45	45
174	0	0	120	-45	90	0	120	-45	90
175	0	0	120	-45	90	0	120	-45	90
176	0	0	120	-45	90	0	120	-45	90
177	0	0	120	-45	90	0	120	-45	90
178	0	0	120	-45	90	0	120	-45	90
179	0	0	120	-45	90	0	120	-45	90
180	0	0	120	0	0	0	120	0	0
181	0	0	120	0	0	0	120	0	0
182	0	0	120	0	0	0	120	0	0
183	0	0	120	0	0	0	120	0	0
184	0	0	120	0	0	0	120	0	0
185	0	0	120	0	0	0	120	0	0
186	0	0	120	0	45	0	120	0	45
187	0	0	120	0	45	0	120	0	45
188	0	0	120	0	45	0	120	0	45
189	0	0	120	0	45	0	120	0	45
190	0	0	120	0	45	0	120	0	45
191	0	0	120	0	45	0	120	0	45
192	0	0	120	0	90	0	120	0	90
193	0	0	120	0	90	0	120	0	90
194	0	0	120	0	90	0	120	0	90
195	0	0	120	0	90	0	120	0	90
196	0	0	120	0	90	0	120	0	90
197	0	0	120	0	90	0	120	0	90
198	0	0	120	45	0	0	120	45	0
199	0	0	120	45	0	0	120	45	0
200	0	0	120	45	0	0	120	45	0
201	0	0	120	45	0	0	120	45	0
202	0	0	120	45	0	0	120	45	0
203	0	0	120	45	0	0	120	45	0
204	0	0	120	45	45	0	120	45	45
205	0	0	120	45	45	0	120	45	45
206	0	0	120	45	45	0	120	45	45
207	0	0	120	45	45	0	120	45	45
208	0	0	120	45	45	0	120	45	45
209	0	0	120	45	45	0	120	45	45
210	0	0	120	45	90	0	120	45	90
211	0	0	120	45	90	0	120	45	90
212	0	0	120	45	90	0	120	45	90
213	0	0	120	45	90	0	120	45	90
214	0	0	120	45	90	0	120	45	90
215	0	0	120	45	90	0	120	45	90
216	0	0	160	-45	0	0	160	-45	0
217	0	0	160	-45	0	0	160	-45	0
218	0	0	160	-45	0	0	160	-45	0
219	0	0	160	-45	0	0	160	-45	0
220	0	0	160	-45	0	0	160	-45	0
221	0	0	160	-45	0	0	160	-45	0
222	0	0	160	-45	45	0	160	-45	45
223	0	0	160	-45	45	0	160	-45	45
224	0	0	160	-45	45	0	160	-45	45
225	0	0	160	-45	45	0	160	-45	45
226	0	0	160	-45	45	0	160	-45	45
227	0	0	160	-45	45	0	160	-45	45
228	0	0	160	-45	90	0	160	-45	90
229	0	0	160	-45	90	0	160	-45	90
230	0	0	160	-45	90	0	160	-45	90
231	0	0	160	-45	90	0	160	-45	90
232	0	0	160	-45	90	0	160	-45	90
233	0	0	160	-45	90	0	160	-45	90
234	0	0	160	0	0	0	160	0	0
235	0	0	160	0	0	0	160	0	0
236	0	0	160	0	0	0	160	0	0
237	0	0	160	0	0	0	160	0	0
238	0	0	160	0	0	0	160	0	0
239	0	0	160	0	0	0	160	0	0
240	0	0	160	0	45	0	160	0	45
241	0	0	160	0	45	0	160	0	45
242	0	0	160	0	45	0	160	0	45
243	0	0	160	0	45	0	160	0	45
244	0	0	160	0	45	0	160	0	45
245	0	0	160	0	45	0	160	0	45
246	0	0	160	0	90	0	160	0	90
247	0	0	160	0	90	0	160	0	90
248	0	0	160	0	90	0	160	0	90
249	0	0	160	0	90	0	160	0	90
250	0	0	160	0	90	0	160	0	90
251	0	0	160	0	90	0	160	0	90
252	0	0	160	45	0	0	160	45	0
253	0	0	160	45	0	0	160	45	0
254	0	0	160	45	0	0	160	45	0
255	0	0	160	45	0	0	160	45	0
256	0	0	160	45	0	0	160	45	0
257	0	0	160	45	0	0	160	45	0
258	0	0	160	45	45	0	160	45	45
259	0	0	160	45	45	0	160	45	45
260	0	0	160	45	45	0	160	45	45
261	0	0	160	45	45	0	160	45	45
262	0	0	160	45	45	0	160	45	45
263	0	0	160	45	45	0	160	45	45
264	0	0	160	45	90	0	160	45	90
265	0	0	160	45	90	0	160	45	90
266	0	0	160	45	90	0	160	45	90
267	0	0	160	45	90	0	160	45	90
268	0	0	160	45	90	0	160	45	90
269	0	0	160	45	90	0	160	45	90
270	0	45	0	-45	0	45	0	-45	0
271	0	45	0	-45	0	45	0	-45	0
272	0	45	0	-45	0	45	0	-45	0
273	0	45	0	-45	0	45	0	-45	0
274	0	45	0	-45	0	45	0	-45	0
275	0	45	0	-45	0	45	0	-45	0
276	0	45	0	-45	45	45	0	-45	45
277	0	45	0	-45	45	45	0	-45	45
278	0	45	0	-45	45	45	0	-45	45
279	0	45	0	-45	45	45	0	-45	45
280	0	45	0	-45	45	45	0	-45	45
281	0	45	0	-45	45	45	0	-45	45
282	0	45	0	-45	90	45	0	-45	90
283	0	45	0	-45	90	45	0	-45	90
284	0	45	0	-45	90	45	0	-45	90
285	0	45	0	-45	90	45	0	-45	90
286	0	45	0	-45	90	45	0	-45	90
287	0	45	0	-45	90	45	0	-45	90
288	0	45	0	0	0	45	0	0	0
289	0	45	0	0	0	45	0	0	0
290	0	45	0	0	0	45	0	0	0
291	0	45	0	0	0	45	0	0	0
292	0	45	0	0	0	45	0	0	0
293	0	45	0	0	0	45	0	0	0
294	0	45	0	0	45	45	0	0	45
295	0	45	0	0	45	45	0	0	45
296	0	45	0	0	45	45	0	0	45
297	0	45	0	0	45	45	0	0	45
298	0	45	0	0	45	45	0	0	45
299	0	45	0	0	45	45	0	0	45
300	0	45	0	0	90	45	0	0	90
301	0	45	0	0	90	45	0	0	90
302	0	45	0	0	90	45	0	0	90
303	0	45	0	0	90	45	0	0	90
304	0	45	0	0	90	45	0	0	90
305	0	45	0	0	90	45	0	0	90
306	0	45	0	45	0	45	0	45	0
307	0	45	0	45	0	45	0	45	0
308	0	45	0	45	0	45	0	45	0
309	0	45	0	45	0	45	0	45	0
310	0	45	0	45	0	45	0	45	0
311	0	45	0	45	0	45	0	45	0
312	0	45	0	45	45	45	0	45	45
313	0	45	0	45	45	45	0	45	45
314	0	45	0	45	45	45	0	45	45
315	0	45	0	45	45	45	0	45	45
316	0	45	0	45	45	45	0	45	45
317	0	45	0	45	45	45	0	45	45
318	0	45	0	45	90	45	0	45	90
319	0	45	0	45	90	45	0	45	90
320	0	45	0	45	90	45	0	45	90
321	0	45	0	45	90	45	0	45	90
322	0	45	0	45	90	45	0	45	90
323	0	45	0	45	90	45	0	45	90
324	0	45	40	-45	0	45	40	-45	0
325	0	45	40	-45	0	45	40	-45	0
326	0	45	40	-45	0	45	40	-45	0
327	0	45	40	-45	0	45	40	-45	0
328	0	45	40	-45	0	45	40	-45	0
329	0	45	40	-45	0	45	40	-45	0
330	0	45	40	-45	45	45	40	-45	45
331	0	45	40	-45	45	45	40	-45	45
332	0	45	40	-45	45	45	40	-45	45
333	0	45	40	-45	45	45	40	-45	45
334	0	45	40	-45	45	45	40	-45	45
335	0	45	40	-45	45	45	40	-45	45
336	0	45	40	-45	90	45	40	-45	90
337	0	45	40	-45	90	45	40	-45	90
338	0	45	40	-45	90	45	40	-45	90
339	0	45	40	-45	90	45	40	-45	90
340	0	45	40	-45	90	45	40	-45	90
341	0	45	40	-45	90	45	40	-45	90
342	0	45	40	0	0	45	40	0	0
343	0	45	40	0	0	45	40	0	0
344	0	45	40	0	0	45	40	0	0
345	0	45	40	0	0	45	40	0	0
346	0	45	40	0	0	45	40	0	0
347	0	45	40	0	0	45	40	0	0
348	0	45	40	0	45	45	40	0	45
349	0	45	40	0	45	45	40	0	45
350	0	45	40	0	45	45	40	0	45
351	0	45	40	0	45	45	40	0	45
352	0	45	40	0	45	45	40	0	45
353	0	45	40	0	45	45	40	0	45
354	0	45	40	0	90	45	40	0	90
355	0	45	40	0	90	45	40	0	90
356	0	45	40	0	90	45	40	0	90
357	0	45	40	0	90	45	40	0	90
358	0	45	40	0	90	45	40	0	90
359	0	45	40	0	90	45	40	0	90
360	0	45	40	45	0	45	40	45	0
361	0	45	40	45	0	45	40	45	0
362	0	45	40	45	0	45	40	45	0
363	0	45	40	45	0	45	40	45	0
364	0	45	40	45	0	45	40	45	0
365	0	45	40	45	0	45	40	45	0
366	0	45	40	45	45	45	40	45	45
367	0	45	40	45	45	45	40	45	45
368	0	45	40	45	45	45	40	45	45
369	0	45	40	45	45	45	40	45	45
370	0	45	40	45	45	45	40	45	45
371	0	45	40	45	45	45	40	45	45
372	0	45	40	45	90	45	40	45	90
373	0	45	40	45	90	45	40	45	90
374	0	45	40	45	90	45	40	45	90
375	0	45	40	45	90	45	40	45	90
376	0	45	40	45	90	45	40	45	90
377	0	45	40	45	90	45	40	45	90
378	0	45	80	-45	0	45	80	-45	0
379	0	45	80	-45	0	45	80	-45	0
380	0	45	80	-45	0	45	80	-45	0
381	0	45	80	-45	0	45	80	-45	0
382	0	45	80	-45	0	45	80	-45	0
383	0	45	80	-45	0	45	80	-45	0
384	0	45	80	-45	45	45	80	-45	45
385	0	45	80	-45	45	45	80	-45	45
386	0	45	80	-45	45	45	80	-45	45
387	0	45	80	-45	45	45	80	-45	45
388	0	45	80	-45	45	45	80	-45	45
389	0	45	80	-45	45	45	80	-45	45
390	0	45	80	-45	90	45	80	-45	90
391	0	45	80	-45	90	45	80	-45	90
392	0	45	80	-45	90	45	80	-45	90
393	0	45	80	-45	90	45	80	-45	90
394	0	45	80	-45	90	45	80	-45	90
395	0	45	80	-45	90	45	80	-45	90
396	0	45	80	0	0	45	80	0	0
397	0	45	80	0	0	45	80	0	0
398	0	45	80	0	0	45	80	0	0
399	0	45	80	0	0	45	80	0	0
400	0	45	80	0	0	45	80	0	0
401	0	45	80	0	0	45	80	0	0
402	0	45	80	0	45	45	80	0	45
403	0	45	80	0	45	45	80	0	45
404	0	45	80	0	45	45	80	0	45
405	0	45	80	0	45	45	80	0	45
406	0	45	80	0	45	45	80	0	45
407	0	45	80	0	45	45	80	0	45
408	0	45	80	0	90	45	80	0	90
409	0	45	80	0	90	45	80	0	90
410	0	45	80	0	90	45	80	0	90
411	0	45	80	0	90	45	80	0	90
412	0	45	80	0	90	45	80	0	90
413	0	45	80	0	90	45	80	0	90
414	0	45	80	45	0	45	80	45	0
415	0	45	80	45	0	45	80	45	0
416	0	45	80	45	0	45	80	45	0
417	0	45	80	45	0	45	80	45	0
418	0	45	80	45	0	45	80	45	0
419	0	45	80	45	0	45	80	45	0
420	0	45	80	45	45	45	80	45	45
421	0	45	80	45	45	45	80	45	45
422	0	45	80	45	45	45	80	45	45
423	0	45	80	45	45	45	80	45	45
424	0	45	80	45	45	45	80	45	45
425	0	45	80	45	45	45	80	45	45
426	0	45	80	45	90	45	80	45	90
427	0	45	80	45	90	45	80	45	90
428	0	45	80	45	90	45	80	45	90
429	0	45	80	45	90	45	80	45	90
430	0	45	80	45	90	45	80	45	90
431	0	45	80	45	90	45	80	45	90
432	0	45	120	-45	0	45	120	-45	0
433	0	45	120	-45	0	45	120	-45	0
434	0	45	120	-45	0	45	120	-45	0
435	0	45	120	-45	0	45	120	-45	0
436	0	45	120	-45	0	45	120	-45	0
437	0	45	120	-45	0	45	120	-45	0
438	0	45	120	-45	45	45	120	-45	45
439	0	45	120	-45	45	45	120	-45	45
440	0	45	120	-45	45	45	120	-45	45
441	0	45	120	-45	45	45	120	-45	45
442	0	45	120	-45	45	45	120	-45	45
443	0	45	120	-45	45	45	120	-45	45
444	0	45	120	-45	90	45	120	-45	90
445	0	45	120	-45	90	45	120	-45	90
446	0	45	120	-45	90	45	120	-45	90
447	0	45	120	-45	90	45	120	-45	90
448	0	45	120	-45	90	45	120	-45	90
449	0	45	120	-45	90	45	120	-45	90
450	0	45	120	0	0	45	120	0	0
451	0	45	120	0	0	45	120	0	0
452	0	45	120	0	0	45	120	0	0
453	0	45	120	0	0	45	120	0	0
454	0	45	120	0	0	45	120	0	0
455	0	45	120	0	0	45	120	0	0
456	0	45	120	0	45	45	120	0	45
457	0	45	120	0	45	45	120	0	45
458	0	45	120	0	45	45	120	0	45
459	0	45	120	0	45	45	120	0	45
460	0	45	120	0	45	45	120	0	45
461	0	45	120	0	45	45	120	0	45
462	0	45	120	0	90	45	120	0	90
463	0	45	120	0	90	45	120	0	90
464	0	45	120	0	90	45	120	0	90
465	0	45	120	0	90	45	120	0	90
466	0	45	120	0	90	45	120	0	90
467	0	45	120	0	90	45	120	0	90
468	0	45	120	45	0	45	120	45	0
469	0	45	120	45	0	45	120	45	0
470	0	45	120	45	0	45	120	45	0
471	0	45	120	45	0	45	120	45	0
472	0	45	120	45	0	45	120	45	0
473	0	45	120	45	0	45	120	45	0
474	0	45	120	45	45	45	120	45	45
475	0	45	120	45	45	45	120	45	45
476	0	45	120	45	45	45	120	45	45
477	0	45	120	45	45	45	120	45	45
478	0	45	120	45	45	45	120	45	45
479	0	45	120	45	45	45	120	45	45
480	0	45	120	45	90	45	120	45	90
481	0	45	120	45	90	45	120	45	90
482	0	45	120	45	90	45	120	45	90
483	0	45	120	45	90	45	120	45	90
484	0	45	120	45	90	45	120	45	90
485	0	45	120	45	90	45	120	45	90
486	0	45	160	-45	0	45	160	-45	0
487	0	45	160	-45	0	45	160	-45	0
488	0	45	160	-45	0	45	160	-45	0
489	0	45	160	-45	0	45	160	-45	0
490	0	45	160	-45	0	45	160	-45	0
491	0	45	160	-45	0	45	160	-45	0
492	0	45	160	-45	45	45	160	-45	45
493	0	45	160	-45	45	45	160	-45	45
494	0	45	160	-45	45	45	160	-45	45
495	0	45	160	-45	45	45	160	-45	45
496	0	45	160	-45	45	45	160	-45	45
497	0	45	160	-45	45	45	160	-45	45
498	0	45	160	-45	90	45	160	-45	90
499	0	45	160	-45	90	45	160	-45	90
500	0	45	160	-45	90	45	160	-45	90
501	0	45	160	-45	90	45	160	-45	90
502	0	45	160	-45	90	45	160	-45	90
503	0	45	160	-45	90	45	160	-45	90
504	0	45	160	0	0	45	160	0	0
505	0	45	160	0	0	45	160	0	0
506	0	45	160	0	0	45	160	0	0
507	0	45	160	0	0	45	160	0	0
508	0	45	160	0	0	45	160	0	0
509	0	45	160	0	0	45	160	0	0
510	0	45	160	0	45	45	160	0	45
511	0	45	160	0	45	45	160	0	45
512	0	45	160	0	45	45	160	0	45
513	0	45	160	0	45	45	160	0	45
514	0	45	160	0	45	45	160	0	45
515	0	45	160	0	45	45	160	0	45
516	0	45	160	0	90	45	160	0	90
517	0	45	160	0	90	45	160	0	90
518	0	45	160	0	90	45	160	0	90
519	0	45	160	0	90	45	160	0	90
520	0	45	160	0	90	45	160	0	90
521	0	45	160	0	90	45	160	0	90
522	0	45	160	45	0	45	160	45	0
523	0	45	160	45	0	45	160	45	0
524	0	45	160	45	0	45	160	45	0
525	0	45	160	45	0	45	160	45	0
526	0	45	160	45	0	45	160	45	0
527	0	45	160	45	0	45	160	45	0
528	0	45	160	45	45	45	160	45	45
529	0	45	160	45	45	45	160	45	45
530	0	45	160	45	45	45	160	45	45
531	0	45	160	45	45	45	160	45	45
532	0	45	160	45	45	45	160	45	45
533	0	45	160	45	45	45	160	45	45
534	0	45	160	45	90	45	160	45	90
535	0	45	160	45	90	45	160	45	90
536	0	45	160	45	90	45	160	45	90
537	0	45	160	45	90	45	160	45	90
538	0	45	160	45	90	45	160	45	90
539	0	45	160	45	90	45	160	45	90
540	0	90	0	-45	0	90	0	-45	0
541	0	90	0	-45	0	90	0	-45	0
542	0	90	0	-45	0	90	0	-45	0
543	0	90	0	-45	0	90	0	-45	0
544	0	90	0	-45	0	90	0	-45	0
545	0	90	0	-45	0	90	0	-45	0
546	0	90	0	-45	45	90	0	-45	45
547	0	90	0	-45	45	90	0	-45	45
548	0	90	0	-45	45	90	0	-45	45
549	0	90	0	-45	45	90	0	-45	45
550	0	90	0	-45	45	90	0	-45	45
551	0	90	0	-45	45	90	0	-45	45
552	0	90	0	-45	90	90	0	-45	90
553	0	90	0	-45	90	90	0	-45	90
554	0	90	0	-45	90	90	0	-45	90
555	0	90	0	-45	90	90	0	-45	90
556	0	90	0	-45	90	90	0	-45	90
557	0	90	0	-45	90	90	0	-45	90
558	0	90	0	0	0	90	0	0	0
559	0	90	0	0	0	90	0	0	0
560	0	90	0	0	0	90	0	0	0
561	0	90	0	0	0	90	0	0	0
562	0	90	0	0	0	90	0	0	0
563	0	90	0	0	0	90	0	0	0
564	0	90	0	0	45	90	0	0	45
565	0	90	0	0	45	90	0	0	45
566	0	90	0	0	45	90	0	0	45
567	0	90	0	0	45	90	0	0	45
568	0	90	0	0	45	90	0	0	45
569	0	90	0	0	45	90	0	0	45
570	0	90	0	0	90	90	0	0	90
571	0	90	0	0	90	90	0	0	90
572	0	90	0	0	90	90	0	0	90
573	0	90	0	0	90	90	0	0	90
574	0	90	0	0	90	90	0	0	90
575	0	90	0	0	90	90	0	0	90
576	0	90	0	45	0	90	0	45	0
577	0	90	0	45	0	90	0	45	0
578	0	90	0	45	0	90	0	45	0
579	0	90	0	45	0	90	0	45	0
580	0	90	0	45	0	90	0	45	0
581	0	90	0	45	0	90	0	45	0
582	0	90	0	45	45	90	0	45	45
583	0	90	0	45	45	90	0	45	45
584	0	90	0	45	45	90	0	45	45
585	0	90	0	45	45	90	0	45	45
586	0	90	0	45	45	90	0	45	45
587	0	90	0	45	45	90	0	45	45
588	0	90	0	45	90	90	0	45	90
589	0	90	0	45	90	90	0	45	90
590	0	90	0	45	90	90	0	45	90
591	0	90	0	45	90	90	0	45	90
592	0	90	0	45	90	90	0	45	90
593	0	90	0	45	90	90	0	45	90
594	0	90	40	-45	0	90	40	-45	0
595	0	90	40	-45	0	90	40	-45	0
596	0	90	40	-45	0	90	40	-45	0
597	0	90	40	-45	0	90	40	-45	0
598	0	90	40	-45	0	90	40	-45	0
599	0	90	40	-45	0	90	40	-45	0
600	0	90	40	-45	45	90	40	-45	45
601	0	90	40	-45	45	90	40	-45	45
602	0	90	40	-45	45	90	40	-45	45
603	0	90	40	-45	45	90	40	-45	45
604	0	90	40	-45	45	90	40	-45	45
605	0	90	40	-45	45	90	40	-45	45
606	0	90	40	-45	90	90	40	-45	90
607	0	90	40	-45	90	90	40	-45	90
608	0	90	40	-45	90	90	40	-45	90
609	0	90	40	-45	90	90	40	-45	90
610	0	90	40	-45	90	90	40	-45	90
611	0	90	40	-45	90	90	40	-45	90
612	0	90	40	0	0	90	40	0	0
613	0	90	40	0	0	90	40	0	0
614	0	90	40	0	0	90	40	0	0
615	0	90	40	0	0	90	40	0	0
616	0	90	40	0	0	90	40	0	0
617	0	90	40	0	0	90	40	0	0
618	0	90	40	0	45	90	40	0	45
619	0	90	40	0	45	90	40	0	45
620	0	90	40	0	45	90	40	0	45
621	0	90	40	0	45	90	40	0	45
622	0	90	40	0	45	90	40	0	45
623	0	90	40	0	45	90	40	0	45
624	0	90	40	0	90	90	40	0	90
625	0	90	40	0	90	90	40	0	90
626	0	90	40	0	90	90	40	0	90
627	0	90	40	0	90	90	40	0	90
628	0	90	40	0	90	90	40	0	90
629	0	90	40	0	90	90	40	0	90
630	0	90	40	45	0	90	40	45	0
631	0	90	40	45	0	90	40	45	0
632	0	90	40	45	0	90	40	45	0
633	0	90	40	45	0	90	40	45	0
634	0	90	40	45	0	90	40	45	0
635	0	90	40	45	0	90	40	45	0
636	0	90	40	45	45	90	40	45	45
637	0	90	40	45	45	90	40	45	45
638	0	90	40	45	45	90	40	45	45
639	0	90	40	45	45	90	40	45	45
640	0	90	40	45	45	90	40	45	45
641	0	90	40	45	45	90	40	45	45
642	0	90	40	45	90	90	40	45	90
643	0	90	40	45	90	90	40	45	90
644	0	90	40	45	90	90	40	45	90
645	0	90	40	45	90	90	40	45	90
646	0	90	40	45	90	90	40	45	90
647	0	90	40	45	90	90	40	45	90
648	0	90	80	-45	0	90	80	-45	0
649	0	90	80	-45	0	90	80	-45	0
650	0	90	80	-45	0	90	80	-45	0
651	0	90	80	-45	0	90	80	-45	0
652	0	90	80	-45	0	90	80	-45	0
653	0	90	80	-45	0	90	80	-45	0
654	0	90	80	-45	45	90	80	-45	45
655	0	90	80	-45	45	90	80	-45	45
656	0	90	80	-45	45	90	80	-45	45
657	0	90	80	-45	45	90	80	-45	45
658	0	90	80	-45	45	90	80	-45	45
659	0	90	80	-45	45	90	80	-45	45
660	0	90	80	-45	90	90	80	-45	90
661	0	90	80	-45	90	90	80	-45	90
662	0	90	80	-45	90	90	80	-45	90
663	0	90	80	-45	90	90	80	-45	90
664	0	90	80	-45	90	90	80	-45	90
665	0	90	80	-45	90	90	80	-45	90
666	0	90	80	0	0	90	80	0	0
667	0	90	80	0	0	90	80	0	0
668	0	90	80	0	0	90	80	0	0
669	0	90	80	0	0	90	80	0	0
670	0	90	80	0	0	90	80	0	0
671	0	90	80	0	0	90	80	0	0
672	0	90	80	0	45	90	80	0	45
673	0	90	80	0	45	90	80	0	45
674	0	90	80	0	45	90	80	0	45
675	0	90	80	0	45	90	80	0	45
676	0	90	80	0	45	90	80	0	45
677	0	90	80	0	45	90	80	0	45
678	0	90	80	0	90	90	80	0	90
679	0	90	80	0	90	90	80	0	90
680	0	90	80	0	90	90	80	0	90
681	0	90	80	0	90	90	80	0	90
682	0	90	80	0	90	90	80	0	90
683	0	90	80	0	90	90	80	0	90
684	0	90	80	45	0	90	80	45	0
685	0	90	80	45	0	90	80	45	0
686	0	90	80	45	0	90	80	45	0
687	0	90	80	45	0	90	80	45	0
688	0	90	80	45	0	90	80	45	0
689	0	90	80	45	0	90	80	45	0
690	0	90	80	45	45	90	80	45	45
691	0	90	80	45	45	90	80	45	45
692	0	90	80	45	45	90	80	45	45
693	0	90	80	45	45	90	80	45	45
694	0	90	80	45	45	90	80	45	45
695	0	90	80	45	45	90	80	45	45
696	0	90	80	45	90	90	80	45	90
697	0	90	80	45	90	90	80	45	90
698	0	90	80	45	90	90	80	45	90
699	0	90	80	45	90	90	80	45	90
700	0	90	80	45	90	90	80	45	90
701	0	90	80	45	90	90	80	45	90
702	0	90	120	-45	0	90	120	-45	0
703	0	90	120	-45	0	90	120	-45	0
704	0	90	120	-45	0	90	120	-45	0
705	0	90	120	-45	0	90	120	-45	0
706	0	90	120	-45	0	90	120	-45	0
707	0	90	120	-45	0	90	120	-45	0
708	0	90	120	-45	45	90	120	-45	45
709	0	90	120	-45	45	90	120	-45	45
710	0	90	120	-45	45	90	120	-45	45
711	0	90	120	-45	45	90	120	-45	45
712	0	90	120	-45	45	90	120	-45	45
713	0	90	120	-45	45	90	120	-45	45
714	0	90	120	-45	90	90	120	-45	90
715	0	90	120	-45	90	90	120	-45	90
716	0	90	120	-45	90	90	120	-45	90
717	0	90	120	-45	90	90	120	-45	90
718	0	90	120	-45	90	90	120	-45	90
719	0	90	120	-45	90	90	120	-45	90
720	0	90	120	0	0	90	120	0	0
721	0	90	120	0	0	90	120	0	0
722	0	90	120	0	0	90	120	0	0
723	0	90	120	0	0	90	120	0	0
724	0	90	120	0	0	90	120	0	0
725	0	90	120	0	0	90	120	0	0
726	0	90	120	0	45	90	120	0	45
727	0	90	120	0	45	90	120	0	45
728	0	90	120	0	45	90	120	0	45
729	0	90	120	0	45	90	120	0	45
730	0	90	120	0	45	90	120	0	45
731	0	90	120	0	45	90	120	0	45
732	0	90	120	0	90	90	120	0	90
733	0	90	120	0	90	90	120	0	90
734	0	90	120	0	90	90	120	0	90
735	0	90	120	0	90	90	120	0	90
736	0	90	120	0	90	90	120	0	90
737	0	90	120	0	90	90	120	0	90
738	0	90	120	45	0	90	120	45	0
739	0	90	120	45	0	90	120	45	0
740	0	90	120	45	0	90	120	45	0
741	0	90	120	45	0	90	120	45	0
742	0	90	120	45	0	90	120	45	0
743	0	90	120	45	0	90	120	45	0
744	0	90	120	45	45	90	120	45	45
745	0	90	120	45	45	90	120	45	45
746	0	90	120	45	45	90	120	45	45
747	0	90	120	45	45	90	120	45	45
748	0	90	120	45	45	90	120	45	45
749	0	90	120	45	45	90	120	45	45
750	0	90	120	45	90	90	120	45	90
751	0	90	120	45	90	90	120	45	90
752	0	90	120	45	90	90	120	45	90
753	0	90	120	45	90	90	120	45	90
754	0	90	120	45	90	90	120	45	90
755	0	90	120	45	90	90	120	45	90
756	0	90	160	-45	0	90	160	-45	0
757	0	90	160	-45	0	90	160	-45	0
758	0	90	160	-45	0	90	160	-45	0
759	0	90	160	-45	0	90	160	-45	0
760	0	90	160	-45	0	90	160	-45	0
761	0	90	160	-45	0	90	160	-45	0
762	0	90	160	-45	45	90	160	-45	45
763	0	90	160	-45	45	90	160	-45	45
764	0	90	160	-45	45	90	160	-45	45
765	0	90	160	-45	45	90	160	-45	45
766	0	90	160	-45	45	90	160	-45	45
767	0	90	160	-45	45	90	160	-45	45
768	0	90	160	-45	90	90	160	-45	90
769	0	90	160	-45	90	90	160	-45	90
770	0	90	160	-45	90	90	160	-45	90
771	0	90	160	-45	90	90	160	-45	90
772	0	90	160	-45	90	90	160	-45	90
773	0	90	160	-45	90	90	160	-45	90
774	0	90	160	0	0	90	160	0	0
775	0	90	160	0	0	90	160	0	0
776	0	90	160	0	0	90	160	0	0
777	0	90	160	0	0	90	160	0	0
778	0	90	160	0	0	90	160	0	0
779	0	90	160	0	0	90	160	0	0
780	0	90	160	0	45	90	160	0	45
781	0	90	160	0	45	90	160	0	45
782	0	90	160	0	45	90	160	0	45
783	0	90	160	0	45	90	160	0	45
784	0	90	160	0	45	90	160	0	45
785	0	90	160	0	45	90	160	0	45
786	0	90	160	0	90	90	160	0	90
787	0	90	160	0	90	90	160	0	90
788	0	90	160	0	90	90	160	0	90
789	0	90	160	0	90	90	160	0	90
790	0	90	160	0	90	90	160	0	90
791	0	90	160	0	90	90	160	0	90
792	0	90	160	45	0	90	160	45	0
793	0	90	160	45	0	90	160	45	0
794	0	90	160	45	0	90	160	45	0
795	0	90	160	45	0	90	160	45	0
796	0	90	160	45	0	90	160	45	0
797	0	90	160	45	0	90	160	45	0
798	0	90	160	45	45	90	160	45	45
799	0	90	160	45	45	90	160	45	45
800	0	90	160	45	45	90	160	45	45
801	0	90	160	45	45	90	160	45	45
802	0	90	160	45	45	90	160	45	45
803	0	90	160	45	45	90	160	45	45
804	0	90	160	45	90	90	160	45	90
805	0	90	160	45	90	90	160	45	90
806	0	90	160	45	90	90	160	45	90
807	0	90	160	45	90	90	160	45	90
808	0	90	160	45	90	90	160	45	90
809	0	90	160	45	90	90	160	45	90
810	0	135	0	-45	0	135	0	-45	0
811	0	135	0	-45	0	135	0	-45	0
812	0	135	0	-45	0	135	0	-45	0
813	0	135	0	-45	0	135	0	-45	0
814	0	135	0	-45	0	135	0	-45	0
815	0	135	0	-45	0	135	0	-45	0
816	0	135	0	-45	45	135	0	-45	45
817	0	135	0	-45	45	135	0	-45	45
818	0	135	0	-45	45	135	0	-45	45
819	0	135	0	-45	45	135	0	-45	45
820	0	135	0	-45	45	135	0	-45	45
821	0	135	0	-45	45	135	0	-45	45
822	0	135	0	-45	90	135	0	-45	90
823	0	135	0	-45	90	135	0	-45	90
824	0	135	0	-45	90	135	0	-45	90
825	0	135	0	-45	90	135	0	-45	90
826	0	135	0	-45	90	135	0	-45	90
827	0	135	0	-45	90	135	0	-45	90
828	0	135	0	0	0	135	0	0	0
829	0	135	0	0	0	135	0	0	0
830	0	135	0	0	0	135	0	0	0
831	0	135	0	0	0	135	0	0	0
832	0	135	0	0	0	135	0	0	0
833	0	135	0	0	0	135	0	0	0
834	0	135	0	0	45	135	0	0	45
835	0	135	0	0	45	135	0	0	45
836	0	135	0	0	45	135	0	0	45
837	0	135	0	0	45	135	0	0	45
838	0	135	0	0	45	135	0	0	45
839	0	135	0	0	45	135	0	0	45
840	0	135	0	0	90	135	0	0	90
841	0	135	0	0	90	135	0	0	90
842	0	135	0	0	90	135	0	0	90
843	0	135	0	0	90	135	0	0	90
844	0	135	0	0	90	135	0	0	90
845	0	135	0	0	90	135	0	0	90
846	0	135	0	45	0	135	0	45	0
847	0	135	0	45	0	135	0	45	0
848	0	135	0	45	0	135	0	45	0
849	0	135	0	45	0	135	0	45	0
850	0	135	0	45	0	135	0	45	0
851	0	135	0	45	0	135	0	45	0
852	0	135	0	45	45	135	0	45	45
853	0	135	0	45	45	135	0	45	45
854	0	135	0	45	45	135	0	45	45
855	0	135	0	45	45	135	0	45	45
856	0	135	0	45	45	135	0	45	45
857	0	135	0	45	45	135	0	45	45
858	0	135	0	45	90	135	0	45	90
859	0	135	0	45	90	135	0	45	90
860	0	135	0	45	90	135	0	45	90
861	0	135	0	45	90	135	0	45	90
862	0	135	0	45	90	135	0	45	90
863	0	135	0	45	90	135	0	45	90
864	0	135	40	-45	0	135	40	-45	0
865	0	135	40	-45	0	135	40	-45	0
866	0	135	40	-45	0	135	40	-45	0
867	0	135	40	-45	0	135	40	-45	0
868	0	135	40	-45	0	135	40	-45	0
869	0	135	40	-45	0	135	40	-45	0
870	0	135	40	-45	45	135	40	-45	45
871	0	135	40	-45	45	135	40	-45	45
872	0	135	40	-45	45	135	40	-45	45
873	0	135	40	-45	45	135	40	-45	45
874	0	135	40	-45	45	135	40	-45	45
875	0	135	40	-45	45	135	40	-45	45
876	0	135	40	-45	90	135	40	-45	90
877	0	135	40	-45	90	135	40	-45	90
878	0	135	40	-45	90	135	40	-45	90
879	0	135	40	-45	90	135	40	-45	90
880	0	135	40	-45	90	135	40	-45	90
881	0	135	40	-45	90	135	40	-45	90
882	0	135	40	0	0	135	40	0	0
883	0	135	40	0	0	135	40	0	0
884	0	135	40	0	0	135	40	0	0
885	0	135	40	0	0	135	40	0	0
886	0	135	40	0	0	135	40	0	0
887	0	135	40	0	0	135	40	0	0
888	0	135	40	0	45	135	40	0	45
889	0	135	40	0	45	135	40	0	45
890	0	135	40	0	45	135	40	0	45
891	0	135	40	0	45	135	40	0	45
892	0	135	40	0	45	135	40	0	45
893	0	135	40	0	45	135	40	0	45
894	0	135	40	0	90	135	40	0	90
895	0	135	40	0	90	135	40	0	90
896	0	135	40	0	90	135	40	0	90
897	0	135	40	0	90	135	40	0	90
898	0	135	40	0	90	135	40	0	90
899	0	135	40	0	90	135	40	0	90
900	0	135	40	45	0	135	40	45	0
901	0	135	40	45	0	135	40	45	0
902	0	135	40	45	0	135	40	45	0
903	0	135	40	45	0	135	40	45	0
904	0	135	40	45	0	135	40	45	0
905	0	135	40	45	0	135	40	45	0
906	0	135	40	45	45	135	40	45	45
907	0	135	40	45	45	135	40	45	45
908	0	135	40	45	45	135	40	45	45
909	0	135	40	45	45	135	40	45	45
910	0	135	40	45	45	135	40	45	45
911	0	135	40	45	45	135	40	45	45
912	0	135	40	45	90	135	40	45	90
913	0	135	40	45	90	135	40	45	90
914	0	135	40	45	90	135	40	45	90
915	0	135	40	45	90	135	40	45	90
916	0	135	40	45	90	135	40	45	90
917	0	135	40	45	90	135	40	45	90
918	0	135	80	-45	0	135	80	-45	0
919	0	135	80	-45	0	135	80	-45	0
920	0	135	80	-45	0	135	80	-45	0
921	0	135	80	-45	0	135	80	-45	0
922	0	135	80	-45	0	135	80	-45	0
923	0	135	80	-45	0	135	80	-45	0
924	0	135	80	-45	45	135	80	-45	45
925	0	135	80	-45	45	135	80	-45	45
926	0	135	80	-45	45	135	80	-45	45
927	0	135	80	-45	45	135	80	-45	45
928	0	135	80	-45	45	135	80	-45	45
929	0	135	80	-45	45	135	80	-45	45
930	0	135	80	-45	90	135	80	-45	90
931	0	135	80	-45	90	135	80	-45	90
932	0	135	80	-45	90	135	80	-45	90
933	0	135	80	-45	90	135	80	-45	90
934	0	135	80	-45	90	135	80	-45	90
935	0	135	80	-45	90	135	80	-45	90
936	0	135	80	0	0	135	80	0	0
937	0	135	80	0	0	135	80	0	0
938	0	135	80	0	0	135	80	0	0
939	0	135	80	0	0	135	80	0	0
940	0	135	80	0	0	135	80	0	0
941	0	135	80	0	0	135	80	0	0
942	0	135	80	0	45	135	80	0	45
943	0	135	80	0	45	135	80	0	45
944	0	135	80	0	45	135	80	0	45
945	0	135	80	0	45	135	80	0	45
946	0	135	80	0	45	135	80	0	45
947	0	135	80	0	45	135	80	0	45
948	0	135	80	0	90	135	80	0	90
949	0	135	80	0	90	135	80	0	90
950	0	135	80	0	90	135	80	0	90
951	0	135	80	0	90	135	80	0	90
952	0	135	80	0	90	135	80	0	90
953	0	135	80	0	90	135	80	0	90
954	0	135	80	45	0	135	80	45	0
955	0	135	80	45	0	135	80	45	0
956	0	135	80	45	0	135	80	45	0
957	0	135	80	45	0	135	80	45	0
958	0	135	80	45	0	135	80	45	0
959	0	135	80	45	0	135	80	45	0
960	0	135	80	45	45	135	80	45	45
961	0	135	80	45	45	135	80	45	45
962	0	135	80	45	45	135	80	45	45
963	0	135	80	45	45	135	80	45	45
964	0	135	80	45	45	135	80	45	45
965	0	135	80	45	45	135	80	45	45
966	0	135	80	45	90	135	80	45	90
967	0	135	80	45	90	135	80	45	90
968	0	135	80	45	90	135	80	45	90
969	0	135	80	45	90	135	80	45	90
970	0	135	80	45	90	135	80	45	90
971	0	135	80	45	90	135	80	45	90
972	0	135	120	-45	0	135	120	-45	0
973	0	135	120	-45	0	135	120	-45	0
974	0	135	120	-45	0	135	120	-45	0
975	0	135	120	-45	0	135	120	-45	0
976	0	135	120	-45	0	135	120	-45	0
977	0	135	120	-45	0	135	120	-45	0
978	0	135	120	-45	45	135	120	-45	45
979	0	135	120	-45	45	135	120	-45	45
980	0	135	120	-45	45	135	120	-45	45
981	0	135	120	-45	45	135	120	-45	45
982	0	135	120	-45	45	135	120	-45	45
983	0	135	120	-45	45	135	120	-45	45
984	0	135	120	-45	90	135	120	-45	90
985	0	135	120	-45	90	135	120	-45	90
986	0	135	120	-45	90	135	120	-45	90
987	0	135	120	-45	90	135	120	-45	90
988	0	135	120	-45	90	135	120	-45	90
989	0	135	120	-45	90	135	120	-45	90
990	0	135	120	0	0	135	120	0	0
991	0	135	120	0	0	135	120	0	0
992	0	135	120	0	0	135	120	0	0
993	0	135	120	0	0	135	120	0	0
994	0	135	120	0	0	135	120	0	0
995	0	135	120	0	0	135	120	0	0
996	0	135	120	0	45	135	120	0	45
997	0	135	120	0	45	135	120	0	45
998	0	135	120	0	45	135	120	0	45
999	0	135	120	0	45	135	120	0	45
1000	0	135	120	0	45	135	120	0	45
1001	0	135	120	0	45	135	120	0	45
1002	0	135	120	0	90	135	120	0	90
1003	0	135	120	0	90	135	120	0	90
1004	0	135	120	0	90	135	120	0	90
1005	0	135	120	0	90	135	120	0	90
1006	0	135	120	0	90	135	120	0	90
1007	0	135	120	0	90	135	120	0	90
1008	0	135	120	45	0	135	120	45	0
1009	0	135	120	45	0	135	120	45	0
1010	0	135	120	45	0	135	120	45	0
1011	0	135	120	45	0	135	120	45	0
1012	0	135	120	45	0	135	120	45	0
1013	0	135	120	45	0	135	120	45	0
1014	0	135	120	45	45	135	120	45	45
1015	0	135	120	45	45	135	120	45	45
1016	0	135	120	45	45	135	120	45	45
1017	0	135	120	45	45	135	120	45	45
1018	0	135	120	45	45	135	120	45	45
1019	0	135	120	45	45	135	120	45	45
1020	0	135	120	45	90	135	120	45	90
1021	0	135	120	45	90	135	120	45	90
1022	0	135	120	45	90	135	120	45	90
1023	0	135	120	45	90	135	120	45	90
1024	0	135	120	45	90	135	120	45	90
1025	0	135	120	45	90	135	120	45	90
1026	0	135	160	-45	0	135	160	-45	0
1027	0	135	160	-45	0	135	160	-45	0
1028	0	135	160	-45	0	135	160	-45	0
1029	0	135	160	-45	0	135	160	-45	0
1030	0	135	160	-45	0	135	160	-45	0
1031	0	135	160	-45	0	135	160	-45	0
1032	0	135	160	-45	45	135	160	-45	45
1033	0	135	160	-45	45	135	160	-45	45
1034	0	135	160	-45	45	135	160	-45	45
1035	0	135	160	-45	45	135	160	-45	45
1036	0	135	160	-45	45	135	160	-45	45
1037	0	135	160	-45	45	135	160	-45	45
1038	0	135	160	-45	90	135	160	-45	90
1039	0	135	160	-45	90	135	160	-45	90
1040	0	135	160	-45	90	135	160	-45	90
1041	0	135	160	-45	90	135	160	-45	90
1042	0	135	160	-45	90	135	160	-45	90
1043	0	135	160	-45	90	135	160	-45	90
1044	0	135	160	0	0	135	160	0	0
1045	0	135	160	0	0	135	160	0	0
1046	0	135	160	0	0	135	160	0	0
1047	0	135	160	0	0	135	160	0	0
1048	0	135	160	0	0	135	160	0	0
1049	0	135	160	0	0	135	160	0	0
1050	0	135	160	0	45	135	160	0	45
1051	0	135	160	0	45	135	160	0	45
1052	0	135	160	0	45	135	160	0	45
1053	0	135	160	0	45	135	160	0	45
1054	0	135	160	0	45	135	160	0	45
1055	0	135	160	0	45	135	160	0	45
1056	0	135	160	0	90	135	160	0	90
1057	0	135	160	0	90	135	160	0	90
1058	0	135	160	0	90	135	160	0	90
1059	0	135	160	0	90	135	160	0	90
1060	0	135	160	0	90	135	160	0	90
1061	0	135	160	0	90	135	160	0	90
1062	0	135	160	45	0	135	160	45	0
1063	0	135	160	45	0	135	160	45	0
1064	0	135	160	45	0	135	160	45	0
1065	0	135	160	45	0	135	160	45	0
1066	0	135	160	45	0	135	160	45	0
1067	0	135	160	45	0	135	160	45	0
1068	0	135	160	45	45	135	160	45	45
1069	0	135	160	45	45	135	160	45	45
1070	0	135	160	45	45	135	160	45	45
1071	0	135	160	45	45	135	160	45	45
1072	0	135	160	45	45	135	160	45	45
1073	0	135	160	45	45	135	160	45	45
1074	0	135	160	45	90	135	160	45	90
1075	0	135	160	45	90	135	160	45	90
1076	0	135	160	45	90	135	160	45	90
1077	0	135	160	45	90	135	160	45	90
1078	0	135	160	45	90	135	160	45	90
1079	0	135	160	45	90	135	160	45	90
